111 111611. 611116. 1166611111. 215

aussi 11166 61 1161 come 616 eglise (16 1111166616 1111.
(6616666611616611661166 1 (166 1666616616 1 (166
6111661116 autres 61116 p‘ cause (16 16 161161116

(16166611 1616116 ad 6616 611111 6611611611 166 queux
6116666 ausi 66666661 (1166116111666 jussis 66666

666661161666611616616116 661 (166666 occasion 1
6616611666166616 1611161616 (16 166616166616 (16
16616166166616111111661 6666616 661 1 6661116 661 1116
seign‘ 16 1161111166ρῖ1 1116116111 616616 (16 1)111661116
(1611116 16666116616111661 Η61111116 1166666116
66616 (16 ])61116111661 Hugh 16 1166666161661
Heu? (16 Ρ61661116111 116111 (16 1161111 616111 11661
’ (16 61611161666161 (161 hostel 1116 66166Γ 16 1161
111661 1611611 116161 chamberleyn 1 6111661116 611-
1166 11611166 1111661616 1 6111161616 1611616Γ 166 6611666
(161661 1661166 661116 pf 1666 61666 (16111166 666666
qi 6 666 faire leur (1616166116666611161666111161611

f} du jour (16 16 (1616116 666166 16616611 11116 (16 sys
61166 11661161661116111 6116116616 66666161116 66111166
6111166 666 1 166 616616166 6166111166116111161116

(166666 666116 1666666166 avant nomez 1 16
1166611166 (16 1111166616 6166111116 666166661611 (161
nul 1611611 ou autre 11161116 (16 16166 61116 6666116666
16166166161166 1161161666 666116 (166 quatre 6661666
6616116166611616 (16-6111611161 6611616 1166611166116
1161661116 1111116616 16116616616111116 ministres 1116
66136* 16 1161 1161166666 16 11666616 du (111 61666,
611666 66166661616116 6 eux 611Ι 6 666116 (16 eux
signification 6 1661166 66166166 66111666 du 6611 (16
1611166 (16661166 (166 1166666166 (16 166 quatre
66116166 (1616611116 61166161661 1 6166661661161111
161611 ou 161666 (16 quscumq3 1616616116 661661
¹ 161166 6666166 ou 66111166 66 6116111666 du (111

 

