66 men. 6666. 66666661. 267

11111 (1616666661 66661111 66666616 1661 6 66 1666.
66116166 ἴ] 16 1161611611 (1666 16 6666616 66661111 6
mons* 1 ohan 116666 6 quei (1161161 1661 6611 66161
(1616 16 (1116166 16166 6 brief 616 6666666166
6 quei 16 (111 1666 66161 116 16 (111 monsr J ohan
p brief (16 droit 1 6661666111616 66616 6666661
1661616 (111 monsr 1 ohan ad 6616116 (16 66616666
16 6666616 666 dame 1611616616 6 quei 16 (111
avesq³ 66166 1166 6616Γ 16 1161 1 6 666 66666111]
161 616166 aver regard 6 666 (16611 qest 1616116
6661166616 666161611 6 666 (1)(1666666666 1 (1 (16611
1 remedie lui 6611 1611.

[161666] Viegne 66 (1166666116616166666166 66 qil 6(1 (16
616166616666 16666661 6616166 66 01666-

661166161 6666116 16 6666611 666 (166661 16
161 6611 1611 droit. ’

Ιέξιξίῐῑουῗο ι11166 66166116 1161 1 6 666 ι(1666611 66666166 66666 6
66111 11161661 avesq, (16 11666666 11 come 1666611111.

N⁰·²⁵⁷⁴· Α61616 [1166666666 16 (111 66666, 6161110θᾶ de 11111116

1 ohan (16 Β611161 1161 116666661. 11 (16 166 66 ffilssffis
16616166661666616666 (1616 eglise (16 Simund·f0r1eave’
burn 1 6616 16 1161 E. ael 1166 (11166166116116110611116
qore 6616616666 16 (166666111161666166666166161111Ῑῇιιιθ
le (111 66666 Α61616 66616616 16661166 6 1661166 ffiffi
(1616 66661 (16 Rome 666661611611661 . . ,6606661068
6616 6 6161 temps 166616 1111116111. 16 6611661666
66166661 16 (111 evesq3 Α61616 6 16 66661 (16 Rome effi
. lui 66616 66666 6666661 1166616 6666166616 16 Tyndale.
eglise son clerk 1 661666 666166 611666666666
16 (111 evesq3 661 666 (16 6166166166 66166 (166616
(16611 1 ’6666616 1666 66 temps 16 1161 6666 661 (1

666 gard du 61666661 6 16 66611666 666 [1116666

 

