011 10011. 1001. 18800118 3119

'⁴' '‘uq' 188 1810008 1 10110008 01118 080 0118 8001 101.
Α,1011801 8001 11111181 1 10001 1011880010 80 ξξζῖζίξζ,
1018108 00001888 0118010010 18 1001118 818811 1111111·
8811180118 temps 118 11800001181001 qi ils 8001100111
80111810 8011 0818 18 800 0111081180 18 meenm⁹⁰¹¹¹²''
temps 118 1001801 10¹ 801118018010 8811 18881810
1 000081881 8111018 1818130801 811 pais 801810801
00018 38010 018111 8011180. Et 0001801 11 james
0818181308011 10188 1018810 18118 8001 801811180
81 nulle 1811103818011 10001188181008118110008
8001 plus 881001810 0 1081101181 01 18188111 188
31010 1810 1100001188 010011118 08 000180 880181
188 pres 1 1811 118011 101118 8011180. tanq³ 80 0001
Αο0118 8811 08880100 p 018 0008811 181881118ου0
0 ])0188108 1801801810 88101 J ake 10108118180 10
80018 8118 1110101118 Bury evesq³ 18])0188108
1100181081 80 10118800800011100188 Surtays
8808801811 8118 11011118 00108 0100008181 18
1018811181 10001 11101011 181118101311 mon}
william 8111010188 Rog‘3 de 0110100100
de 1180001881 1 11031 18 Β1011881011 1118110881
8118 11001) 1810038018811 0181111 Thomas 18
81810111Α1010 18 11011081 1010018 1180811111.
william 18 1101100 11800001181101881081 J ohan
18 Γ1110111011 0010001 1 0011881000088111110818
088801118101 qo 1881810081 10110008 11111181 qi
800180111θο 188 10111881 10101081010101188100
188 80118818100188 001011810801 101188 1 qi sont
coupables 1018 180181 01101001 1811800001
111181 quel il 810 18 100100008118118 0 10 88018
oeli qi 8011101 1001101 80101 118011 801118-
1080101 118018108010 00 0188018111 ohauncellerie ·

01080181 011110 par 1181 18100110811088 18188110

 

