INDEX.

Seggefeld‚ 30001110110301 11110 hythe
11110011 reference 10 110 1111101 1011
01 8111ογ1 11 110 vill 01, 007.

8011111, mmor of, 367.

80111111, 1101011 Ιο, 33, 34, 35, 33, 33.

Servate, william, 31.

80101, Γ11011110 10, 040.

80101 (11110110, 1100111100, 1111, 300. 11,
370.

......... ,11111 111 1010110110 11, 071.

.......... vill of, 370.

.......... John 10 1101111 01, 060.

800101, 11000110, 050.

8111001110, william de, 177.

8101, 11111 1001,413.

81001111, Peter, 333.

810111, John 110, 105.

8101110110, Τ101110, 035.

3111101, John, 10, 10, 10100011, 01,
01, 00, 01, 01.

.......... 1101011, 43.

8101001000, vill 01, 70.

1110101101, Henry 10, 133.

811110, 11011111, 00011 nuncio, 005.

81011010, 1110101110 10, 270, 271, 076.

......... Walter 10 Frueonberge 01, 121.

8111101101, Thomas 1011011101 1100101111
0111101 0110110110101, 003.

.......... 1100100011110110101 Thomas 10,
110011 01, 007.

81111001’,10111, 100, 101.

Skymburneeee, 137,133.

3101111110, 1101111ςο and 1111 11, 002.

8110101111. Adam de, 030, 030, 200.

811011, Walter, 01 1101110101, lirense
granted to, 359.

1111011010, J. de, 401.

8110101010, 81001101, John de, 130103,
430, 430.

.......... John 10, 0100101 01 110 111100 01
11111111, 403.

........., ......,1011010101010100101, 434.

801111101110, 217, 213.

80110011, 1101011 (10, 334.

8011011010, John Μο101111001,271.

301111, 11101111, 103.

80011101, william, 035.

801001, 1111100 10, 132.

301001,111100001101, 7, 3.

.......... Peter, 306.

.......... Peter, 001 01 Jacob le, 000.

80110, 111101, 110 king's purreyorin the
00111001 11111011, 101101 01 10100011101
101, 103.

stafford, 111101 10, 045.

81111011, 110110 10, 110111( 01 1111111111,
144.

81011000, 02.

.......... Τ101101Β10111 01, 107.

.......... 01010111110101 (1111011111101110-
001111 10110 01010101, 77.

81111110, 1110111110, 0, 5, 55, 107.

8111111011, 1011010 dated 11, 015, 202.

.......... 110110 10, 110111 01 1111111111,
whose 01001101 11111100 01 11111111 101
10011 001 10110111 11101101 11011010
Βο1111011, recommendet] 1011011113
10 110 pope, 157.

................. further 111010οε0101 with
the pope by 110 king 111 1110111 01, 153.

8101111101, nervicas de, 73, 30, 37.

81110100, 31111011 10, 350.

8100110110, 11110100, 333.

.........,11111111,100,

81010, william, 323.

81011ογ, Walter de, 035.

8111010101, John Alsilver 01, 236.

81011101, 8101101010,1010011011 11, 01.

.......... 1010101 01, 30.

.......... letters 11101 11, 323, 350, 000,
301.

...... 11111101 01, 404.

.......... passage 11, 00.

.......... werd of, 271, 274, 073.

.......... 001111111101101 1101010 01 111101
1101 1111111101111 01, 030, 270.

.......... 1110101110 10, 01.

.......... Roget de, 001.

81011011, Hugh de, 100, 101.

010110003101111 10, 17.

8101010, John 10, 177.

stowe, william, 003.

stra, John, 103.

stratford, letter dated 11, 103.

8111101110, 8111110111, Thomas (10, 071, 332,
334.

 

