⁴58

3110010000101, 104.

........., vill 01,100.

.......... 1103011107, 3, 9, 311, 87, 39, 40,
10, 01, 01, 10, 101,0110110,011,110,
300 10 803, 311 lo 335, 318, 320, 331,
1313111040.

................. 1100000 31101010110011011010
1110 11101101 01 111100, 104.

................. 0011100000 01011 10010111
110111 100 0300 0111111100, 311.

.......... 0100100010111,1111110010,
011110, 001, 104.

merium, letter 10101110 10 1110011
0011110111οτ1 01 1110 11011 01 100 00111011 01,
000001.

311110111ψο,11

.......... 111101, 00.

11101οΜ (1110010111). 0011000111
01, 97, 100.

1101131000, md 01 270, 271170.

nure, John 110, 327.

0100110110, 11.

.......... dated, 130.

.......... 1110110101, 47.

.......... 1111101 0111000111 01, 140.

31000001, battle 01, 137.

1110000000165.

.......... the kingm, 00, 101, 111, 101.

.......... 11010111 01 100, 07, 133, 407.

.......... 1101001 01111 0001011011οὴ1 01 100,
185.

.......... 1101110101 0111001001 01100, 170.

................. 011101 10, 1166.

.......... 1110011010 10 100 11010111 01 100,
90.

.......... mandate 10 100 1100101111 and
1101011101, 2111.

.......... notice to 1110 11010111 01, 148.

.......... mandate to the 1100111101 0011
000100011οὶ01 01, 233.

’ .......... 10101 0100001010100110011110111111
1101000 01, 101 10111110 01 0 fine, 186.

.......... 1100110101 and 11010111 01, order
101 1101111001 10 100 11110011 01 1111100111,
239.

.......... mandate to the 110οε0101 and
11010111 01, 101 1110 discharge 01 100
11111101 0111010010 from 0101110011 01 0
100111 10111, 332.

mm.

3100011001, 1111101010 10 1110 muni
0010111 01 100, 10 inquire 11110 011011
rights 011110 11111101 01 1011110111, 311.

........., 1110011010 10 1110 1100011101 1111
11010110 0011101 1001111001) 01 1111101111
1111011101 10011 110 0110011011 11110111 101
110100101101 1101111101, 221.

......... mandute 10 1110 mm 101
1101011001,10101110101011110111011111
0110011 01 1111110111 101 100 md 011110
00111001 1101000110-00-’11110 2011.

.......... mandate to 100 1100011101 [aad
11010110 01, 10 (1011101 11101 101 00111ομ 10
0101111οο1 01 1101110111, 105.

.......... 01110110 100110010101 and 1101010
01, 10 0011101 11100101 00110110 10 100
11111101) 01 1111111010, 258.

.......... mandate 101 1101111001 10 the 11101101
01 11010001 during 011 0111110111 10
0101100, 105, 100.

.......... 11100110, 1111001) 01 1101111111, q>
pointedtobetmsuerofthe, 185·

1110010, Simon 110, 1100101 100 hospitti 01
11100110 10144. ·

11110, 10111001 10, 177.

F.

1101101,11011111011, 431.
................. 010111 01 01010ομ1 01
0 00011011 10, 370.

00111ςο11000, montione, Faulughdone,

John (10010, 110, 100, 001, 001, 010

Fam· 10111 mandate 10111 100 prim· 1111
0011100101111011 have 100111 11 quamn
01 011001 from the 001110 01 1111101111,
1⁴2.

Faueouberge, Walter de, 131.
................ 1101111011 01, 1001 justice be
done 10 him 111100 0100011 01111110ιο
inrespectofhisrighttothenrdshipin
the 11101101 01 Ηο11 and 1101100100, 111.
1101111110, william de, 333.

 

