1616116111. 189

11611166. 11101060 qe 16 fyn du 16111116 pur le quel vous
60116 1116616166 vostre (11101166161611100116 1161616661, 6
60666066 660166 6600666661116 16 60116 16116 rendre
6661 6 6601, 6066 11110166 qe vous y 6660166 aucuns (161. 6660.
606, (166 (166611 6066 vous 1166 6 16061616 606116 (111
01166161 de nostre (111 06661111 06 116 0611 qi vous en 1616
16 116616 116 per 6066 6 6066 16660166 per 61616616
606116 006616 606 1611166116 6066 6666 (16 60666661
1666611111. Ε 6066 6166110166 6 chargeome 1666616661
enjoignant qe (161 110616 (166 606116 (11101166161 6066
66116 1166166, 011161666 (16 y 166111661 66616 6 66616
garde (16 06 6611 6110661 (16 66666 de vous 616 16
6666616 (16666116 (111 01166161 6 (16606116 poeple de 16
11610116 (1666611116. 11066, 610.

Ε1166111, 616. A 10616 616606166 16111116 6 666 61). 1616.
661166 1616161166 61 1016111 61161 bien 1616610616 ffiffi,
de 1166116 1106161 061116 661166 (11 066166 1611166 6611061 1011111Νῇ

66166. Ρο1 06 qe 6066 6010616 16116 grece 6611601610 elffiffiss'

1106616116 pere 66 11166 . . . 16666116 11611111661666066111113,111111

1666110616 qe (1661116116, 1166166, seyne, 6661666, 06116366, 66
1166116611666 61 61161666 16 (111 6666116 11611 116 preignez
ne 66 60611166 66116 pris 6 1106116 06116 66 deutri, contre
16 bon goee dudit 6666116 06 (16 666 gardeyne (1661116116
6 01161666 6660111116,166161106166 60166 qe 6066616
101166 dengleterre nostre 1166011616 compe-igne 1161660616
0666661161666166116 661616 per 61110616. 116 16616611-
66606 (16 11666 011066 6066 6601661611 16116 066166 606
1611166 petentes 6 (16161 par 66 611 11066, 610.

A] 1106616116 pere 66111666116 1110116611161 661616.
16111606 de 11166 6666116 (16 116166166,10116611”ξ“11,1001
(16111616 0111661616110361 de Northburgh, 01610, 106166 ffl¹
1666166066 6 honum. Sire, come 6110666 (161616 66611111ζῖ1
661611666616066 66116 6116 11766161 (1611616 6660610111 110111·
(16 1661616661 11611611 Η61011 jadis persone de leglisefflssssffi
de Forde e moi 66661111 Region 661166 (16166166 (1011111311,

 

