440 01000

111100ογ,1000 100 01 william 00, 000 0110011000, 3100010 (1010000010 101 100
01100, daughter 01 nent] 00 00100ογ, 1001101100 01, 101.
1100000101 100 (0111010001 01 1000100010 .......... 11011001 (10, 102, 147, 140.
01 ligffl'wlif 000 00100ογ00 10001 000
. 1001100110, 270279. ,
Anti-agge, 010110 01, 407.

11010ομ11οω0 m 111. Β
1010001, 1001001, 00000000, 111- ·

.......... 1000001010 Bnignnd, Baygwd, 1101101, 11, 11, 01.
.......... (0000010101101010101..........,......,110 11100010 of 00100
.......... ’1310000001οΨ00110001070. putingwdimhip 00001, 74.
.......... 0001300] 100 0110111101 100 010000 3011101. See 3011101.

preventi 011 11110010 110111 taking 1101- 301000, 30001100, 24.

001101001100001,00. 3011101,10100(1,100.

.......... 0101000000ογ 100010ςοί 0010- ........, 3011010 00, 0001011101 100 kint·
0000 10 100 000100 01, 10 8100000 00 myintheminseoumd, 240.
11001ογ, 101,102. .......... 3011010 00, king 01 80011000,

.......... 01001 10300011 00 1100110000 01 201.

1000100000 1010000111οο 01, 10101] 0010 .......... John de, 108, 100, 210, 200200.
by 1001110 00 3001101001, 0101100 01 Dur· .......... John de, king 01 50011000, 000,
100111. 011.

.......... 1111100 100 00010 01 John Bryde 3110100100, Thomu 00, 00, 70, 74. 000
01820. 3001000130.

.......... 0000101 3100010 00 301110 010 30100101, 30001100, 147, 148.

01000101, 000. 301001,111111001,080.

.......... charge 0001011 300011, 1100 01 .........,......,011101101031030,1111100 00
300011 00, 01 1010101] catering 1110 011017 0001001040.

01 3011010000, 48. 30100ογ, John 00, 080.

.......... ’11100100 00 0000100000 01100 ....., 30100 00080.
0011ος1010 00010001, 140. 301001 01 100 excitique, 1001100100 10

, .......... 0000001100 101100 by 100 king to 800 3000011001.

100 0000100130ςο (10 Sapymy 00100 301000, John, 001100 01100 000110 01
010000010100001100101000010001,110. 'mmmmm
.......... Το00100 00 11011 30] [Nova 3011, 30111000, 000 000 heir 01 30100,
30101010000011] 01, 410, 428. 1011110010 10 make inquisition 00 10 010
0001010111, 31111001,100 0110001010, 108. 00001000.
1101110001 [(1010001110],(1110011, 7. ................. 001100011οο 10 put 11101 10
0110100101101 00100 01, 107. 001010 01 his 10000, 000.
1111001000300011110100000101010100- 301100, 3011000, 30001100, 70, 70, 81,
11101] 10 100 011000 01100 10111 00111(ογ1 00, 84, 00, 88, 01, 00, 98.
011000000011001,100. ................ 100 0000000013010010011
Ayr, sigrada, 11110 01 1111110111, 100 01 100001010011010 0011111, 74.
31000111, and daughter 01 John currey ................. 0011010οη001 01, 00 10001101
01 (111100οο0, 1000111110 10 put 001 10 01100 1101100 01 10010000 000 1000011010
001110, 280. 01100 0100011110, 00.
01100γο00,1111001100310001000010100- 31111101, 0101000000, 0, 07.
101100 01, by 100 king, 10 a prebend in .......... 30100, 0, 07.
1110 0011100 01 Derlyngton, 101. .......... william, 0, 07, 101, 000, 101.

 

