4ffl

INDEX.

1111161111, 18166116 66 11611116, 1116611666 1111161111, inquisition 11116611, 808, 868.

61, 180, 181, 887.

.......... 1166611,611666 61, 181, 188, 867.

.......... 1166611 de Insula, 611666 61, 10,
58, 58. ’

......... 611666116 61, 1, 4, 85, 86, 88, 105,
114,161,168, 164, 861, 880, 884, 886,
840.

......... , 1161111 611666116 61, 77, 78, 87,

wwwmmeQ

&mm
.......... 61111666 61611666116 61, 76.
.......... guardianship 61 1116 611666116 61,

84.

.......... 1611 61 166 661161111616 61 166

61166666 61, 76.

.......... liberty 61 166 611666116 61, 14,

mmmmmmm
.......... men 61166 611166116 61, 14.
.......... 1666666661 61 166 611666116 61,

88,174.

.......... 1111111111, 808, 888.
......... ,111116 6616 11, 55.
.......... 1111161 before 166 king's 16111661

11, 8.

.......... 611166 61, 160, 161.

.......... 616 66161136 61, 7, 8, 888.

.......... 611116 61, 88, 60, 78, 74.

......... , 6116661111 61, 84.

.......... 61111661] 61, 888, 888, 881, 860.

.......... 6616111161, 880.

......... , 66616661, 810, 488.

.......... 61111611 61 66116661, 408.

.......... 1111161611611 61 6611166 61, 404.

........., rights 61 the 661166 61, 188.

.......... 66616661 St„ 0116661111, 186,
858.

......... ,mffiwm

.......... 66111611 661611, 848.

.......... 66111116 61, 87, 88, 80, 81, 880,

mmmm
......... , men 61 166 66111119 61, 816, 886,

Μωωωωω6
.......... 1661111 61 1116 66111116 61, 887.

’1 .......... 661111 61 166 611666 61, 11, 856.
......... ,6166666οῇ 105.

.......... 6166661161 61, 875, 888, 886, 888,
Ommmmm

.......... 11111661 11, 818, 818.

........, 1161 6111111661 11, 78, 78.

.......... 16111661 in cyre 11, 486.

.......... letters 166 61666611 dated 11, 184,
816, 868, 870, 878, 876, 878 16 884, 886
to 888, 808 16 888, 301, 804 16 808,811,
818, 815, 888, 884, 885, 886, 888, 888,
880, 888 16 884, 887, 889, 840, 844 16
848, 851, 858 16 857, 858, 861, 868, 864,
mm

.......... mmmmme
116161666161

.......... 111161611661166116 61, 870.

.......... 16611 61666661111611 1116 666111
61, 184.

.......... franchise royal 61, 188, 848.

.......... mfflmmmfflmffla

.........,11611 61, 800..

.......... north gnte 61, 81, 68.

.......... fflmmmffimm
418, 484.

.......... W, 6111611161, 414.

......... , 6161116111 61, 858. ·

.........‚ 1116111161, 80, 870, 887.

.......... 616666116 166 16611161, 816, 817.

.......... new 1116 616 1111116111 61, 805.

.......... monastery 61 81. (16166611 11,
888.

.........,11611111 61, 886, 888.

.......... 11161111 61 1116 611616 61, 81.

.......... 6116161, 87, 888, 484.

......... , 61161] 61, 51, 400.

.......... 61161 1116 convent of, 81, 68, 78,
wwmwmm.

.......... Hugh, 6116161, 10,11, 51, 58, 70,
71, 78.

.......... J 61111, prior 61, 885, 884, 858.

.......... 11166116, 6116161, 1, 8, 7,8, 14,
a&

.......... 11166116 de 1161611, 61161 61, 88,
66666666

.......... sub-collectura 61 1116 1611111 11 161
6166616 61, 88.

........., vill 61, 88, 60.

.........,111161,111 (1111116661, 888.

......., 16 Ι16161116, 800, 801.

......... , John 66116111 6111116111, 888.

 

