246 1666166611,

166. 6166116616 616 1116011616 bonde (16 16 dite 11666-
61116011116166 666601 (1616110116 16 (1011116606
(166 corps (1010166 66 ,(166 161666 166161 chalengez
ou demaundez 66116666166 00166016 66 6611611116
dos 11111 66661601 a 01 06 11166616 16 1116116 ’11661 106
116666106 1 106 061666616 66 11611116 (16 1661106
(166110 06661001 1 (166 01166066 dyceux 611161
1666116111161 p 66666 (16 1661 office 6111101161 16
corps 6611 (16 un 1610666 (106 plusours 6 16 signi·
11060106 (16 116066616 66 (166 60106616 (16 (111 evesq3
qi 111616111116110611616166 1611 11 10 cas 61661116
11 110611 1611666 66 161066 6616616116611111- ·
166106111616116 16 (1110 franchise de 1161661661 66
116161661 6616 geldable 1 061661161111061116106
166601 66 1160116166 1661011661 p deOs 16 (1116
franchise 66 06616-3661116 seignr 10 1161 11111161
1061 corps 6111600616 66 escun 116606106616 (16
16 (1110 111660111εο 0616 166116 66611110. 61661-
60616 est (1616011161 16061116 1661 p 116 seign' 10
1161 06166 p 16 dit 6166111611 6116366116
116066166 166 601666616 06 166116111116 (16 16 une
phio ou dentre 06 escun (16 eux 661661 116161
negligentz 66 (1066101666611 de 6161116 06 6116-
660166106 choses (161661 66611161 11 1111616 661661
g⁸ntez 66661 61661166661 (1111166116 6666111166 06
16 0116606116116 111616 Roi 00166 66 16 0116606110110

Ι 1616611οΒ166666 11 166 (160111 1111616106 vis·
666166 106 661666161106 16111116 (1660111ἰο 1
(166110 661061 611611 60661161611 6 1116111661 0061
6061166 1661 1161611 661066 1611661 dycelly sur
11016101661 16116116 (16 1061 biens. st dei·
1661 16166106 choses 66611161 1161666 06 06616
061611661οἰ66 66116 1161616061 1116111161 aussibien

 

