1116116111. 507

1666666 voz 6166166 66116166666111 16 1616661661 16
6166111616 61166161, 61 661661 6616616661 6 666116 111
66666616 6661161616 111 61166161, 61 16 1161 161166,
61 16 1616 16 marche celes parties, 661666 66 66
666116 chier 1166116161 1116661661 161166 16 066111 vous
66 11116 6166 6161666661 16 6616666. Et 1161616666
vous 66166161616661161 661161666661 66 61 vous ne
16661 11611161 16 111611661616 666116111 eosyn 661666
666 11166 166666166, 661· 6661 1166 6616 616166616661
66116 seuve garde du pays 66 16 fourme 666611116,
6666 vous 1666616 6 chargez de 16 garde de 6616
marche 61 6 166666116 16 16166666 61 661116 666
6611661 6116611, 66111611 16166166 1666166 16 marche,
6611616616 (16 6611166616 garde 666111166 devere nous
661116 devere les 66611 16 6666. Ε1 661 vos lettres
61661 666116 111 bacheler 6666 161666161 661161 (16161
66 qe vous 66 ferez. 11666, 616.

Ε111611,616. ΑΙ 1166616116 6616, 616. 116661111166011

avonis 66166161 661 16 616661166666 66611611111 1111 mmmm

bien 61661 Janyn 1166116 1116166661, 66 6611661166 61- 651ξὲ1ϋῇ
66166 1161 6661166 661166 1116611661 666666611 6611116111Ιὶἰ 06116,
11661161166661116616116166166,61616666611 vers 66116111

ot(l 06661611

6661166 1166166 61 11666 161661 6611661 (166 parties du¹¹'¹
North, 16 persone de Seggefeld od 61116616 661166 16
66 11166666 6 16166 61 616166 61 6611116 666116 6666166
666611161661, 666116166161 6161661661 116116166161 661166
16611 16111 1116616 gres damage de eux 61 6 grem
despite de 11666, (1661 nous sumes 16661 6666661, 661
61161 vous 1116616166 6 6116166666 66 661 1166666 61
166611 16661 66661 (16161 61 bien 61 ei (16616661 16-
11666111 66 166 1111 161166 61661166 qui 6611111661 16
damage 666 1666661 16611 666161 661 161666, 61 611
66 eoveigne mye qe 66116 y 16611666 66116 remedie
661666116116161116 11666, 616.

11116611, 616. ΑΙ 1166616116 6161, 616. Cum 6166 veto

vous 6666 6161 6166616 16 61661 vostre chae-⁰ 11111111 ΝΜ

 

